KOR_NUM,month,KOR_NM,temperature,temp_max,temp_min
0,1,강화,-3.276783211,8.957636656,-15.55256863
1,1,거제,2.760220653,13.86582211,-7.120377036
2,1,거창,-1.329155702,12.4464153,-14.27955427
3,1,고창,-0.180863587,12.17820536,-10.6684289
4,1,고흥,1.685549855,13.96151222,-9.623618589
5,1,광주,1.123570184,13.30555353,-9.184128334
6,1,구미,-0.609062662,11.71998103,-11.97778523
7,1,군산,-0.062780996,11.3818881,-10.63416309
8,1,금산,-2.371349145,11.89182895,-16.11672575
9,1,남원,-1.442370654,12.74278905,-14.84418883
10,1,남해,2.297749153,13.46308568,-8.203951761
11,1,대구,1.049913537,12.80935405,-9.616978543
12,1,대전,-1.014636325,11.68245596,-13.20993392
13,1,동두천,-3.854132628,10.10922082,-17.14868438
14,1,동해,1.193513651,12.48914267,-9.770991075
15,1,목포,1.924310115,12.80471777,-7.273929571
16,1,문경,-1.675620889,10.32935706,-13.73991684
17,1,밀양,0.515651296,14.02018555,-11.77843694
18,1,보령,-0.276500799,11.60440751,-11.70539644
19,1,보은,-2.97428587,10.80777385,-16.78722203
20,1,봉화,-4.045325019,9.919675033,-19.14659494
21,1,부산,3.714877433,14.81539864,-7.508332012
22,1,부안,-0.151590381,12.4202826,-12.4407977
23,1,부여,-1.527964608,11.52361636,-14.63515077
24,1,산청,0.435995694,13.04774052,-11.35216655
25,1,상주,-0.9766539,11.13489656,-12.37184874
26,1,서귀포,7.457617059,17.18740821,-1.15362868
27,1,서산,-1.717004318,10.56274146,-13.48448073
28,1,서울,-1.990318579,9.617322297,-13.31152957
29,1,속초,0.108654148,10.75954391,-11.36673793
30,1,수원,-2.125206948,10.32770293,-14.18160771
31,1,안동,-1.842466382,11.04507617,-15.10739026
32,1,양평,-3.553731668,9.5779859,-17.3862673
33,1,여수,2.906096636,12.80157844,-6.957898634
34,1,영덕,1.108278801,13.009691,-10.48019041
35,1,영원,-3.65314852,9.952674212,-18.04900407
36,1,영주,-2.350849628,9.918411661,-15.75397357
37,1,영천,-0.507028405,12.49168367,-13.15775962
38,1,완도,2.91345326,13.73394521,-5.685900848
39,1,울릉,1.800799459,11.58774128,-6.714141366
40,1,울산,2.453331025,14.48654302,-8.477283676
41,1,울진,1.439443265,13.29624277,-9.999067655
42,1,원주,-3.218014205,9.792926543,-16.53912964
43,1,의성,-3.056631217,11.81888981,-17.82274309
44,1,이천,-3.130797202,9.843330662,-17.08442726
45,1,인제,-4.701146473,8.298346186,-19.16205067
46,1,인천,-1.595884415,9.682973549,-12.29141723
47,1,임실,-2.576616982,12.09455309,-16.92614737
48,1,장수,-3.124075106,11.11865288,-17.73524139
49,1,장흥,0.993085648,14.03136786,-10.47697763
50,1,전주,0.028141281,12.84181094,-11.54517007
51,1,정읍,-0.191846094,12.75528174,-11.75825826
52,1,제주,6.3271928,16.44685797,-0.882757402
53,1,제천,-4.817510318,8.829353022,-19.777367
54,1,진도,-0.626949906,11.79409961,-9.294496867
55,1,진주,0.287475531,13.51056495,-12.12502385
56,1,창원,2.699408251,13.79975365,-8.056012415
57,1,천안,-2.400609264,10.83655081,-16.10678771
58,1,철원,-5.784687543,7.935082779,-20.72940417
59,1,청주,-1.518176911,10.76636318,-13.76143676
60,1,춘천,-4.208557662,8.348860483,-17.93751453
61,1,태백,-4.803541509,8.441581676,-17.76799797
62,1,통영,3.275052071,14.07034581,-7.110728402
63,1,포항,2.337870471,13.68866656,-8.695303419
64,1,합천,-0.142244019,13.34024924,-12.79327544
65,1,해남,1.388464076,14.03732039,-10.21921603
66,1,홍천,-4.876240428,8.945514165,-19.66532504
0,2,강화,-0.620140778,12.38803725,-13.01351343
1,2,거제,4.575968335,16.46713361,-5.815810706
2,2,거창,0.974393803,17.11551502,-12.72282925
3,2,고창,2.228382623,18.05151902,-8.985159049
4,2,고흥,3.43284396,16.77538453,-8.163622295
5,2,광주,3.061324679,17.39975159,-7.42805503
6,2,구미,1.844551769,16.80688509,-10.23617312
7,2,군산,1.55671163,15.17109798,-8.379677936
8,2,금산,0.101351454,16.19760797,-13.68207058
9,2,남원,0.956594666,17.02648258,-12.13213398
10,2,남해,4.185027399,16.96158053,-6.786247566
11,2,대구,3.488688184,17.52747552,-7.821548274
12,2,대전,1.430115276,15.75853639,-10.87488973
13,2,동두천,-0.560907967,15.09752985,-14.18674635
14,2,동해,2.883928631,15.69565969,-8.130822684
15,2,목포,3.153463191,15.83130954,-5.707545636
16,2,문경,0.702642027,15.0146441,-11.85240735
17,2,밀양,2.971180527,18.1166283,-9.913903188
18,2,보령,1.302722886,14.45645421,-9.667363565
19,2,보은,-0.52847536,15.06041047,-14.8008258
20,2,봉화,-1.51015389,14.26098124,-16.82886922
21,2,부산,5.544145377,17.30096475,-6.063623984
22,2,부안,1.719214614,16.21296235,-9.42624175
23,2,부여,0.799015794,15.66600765,-11.6683062
24,2,산청,2.421087066,17.30461383,-10.00458242
25,2,상주,1.454367434,16.10673996,-10.58178088
26,2,서귀포,8.433088418,18.15390805,-0.427345727
27,2,서산,0.190023326,13.84052382,-11.6605585
28,2,서울,0.737544856,13.76003236,-10.85453623
29,2,속초,1.889048781,14.4012625,-9.672417051
30,2,수원,0.337851747,14.20243572,-11.62259271
31,2,안동,0.785547193,15.7588728,-12.67202849
32,2,양평,-0.455769832,14.23694927,-14.29066606
33,2,여수,4.535273893,15.32874766,-5.738554063
34,2,영덕,2.989105648,17.31764419,-8.390277036
35,2,영원,-0.719677099,14.70548677,-15.45402409
36,2,영주,0.210933351,14.49996707,-13.40384824
37,2,영천,1.822631416,17.02775476,-11.19453303
38,2,완도,4.096712287,16.02608324,-4.492903452
39,2,울릉,2.591298866,13.2656207,-5.567057245
40,2,울산,4.419623612,18.06774317,-7.023736453
41,2,울진,3.042800405,16.69372959,-8.296957946
42,2,원주,-0.260317671,14.5738464,-13.49239884
43,2,의성,-0.24687004,16.60195005,-15.15376188
44,2,이천,-0.227512008,14.3758702,-14.0395739
45,2,인제,-1.752478144,13.22250594,-16.2459525
46,2,인천,0.707942418,12.84991562,-9.969920497
47,2,임실,-0.190768053,16.29792115,-13.95142288
48,2,장수,-0.77475426,14.77511178,-15.28825954
49,2,장흥,2.805393382,16.78845602,-8.817516993
50,2,전주,2.08962014,16.92904284,-9.406273133
51,2,정읍,1.800067639,16.86612399,-9.460141241
52,2,제주,7.071196074,19.2184279,-0.594968696
53,2,제천,-1.862422279,13.52438271,-17.09727399
54,2,진도,0.962122314,14.38202329,-8.311682459
55,2,진주,2.723534348,17.66272827,-10.25610355
56,2,창원,4.722023225,16.89219499,-6.428136071
57,2,천안,-0.012744346,15.00471194,-13.45615036
58,2,철원,-2.362809513,12.65128716,-17.5850456
59,2,청주,1.023301005,15.56599269,-11.24745949
60,2,춘천,-1.010378947,13.70129734,-15.0312589
61,2,태백,-2.620175908,12.13435664,-16.64932796
62,2,통영,4.99114403,16.09794852,-5.711679505
63,2,포항,4.403529482,18.0750957,-7.045152071
64,2,합천,2.350509739,18.13504268,-10.69449496
65,2,해남,2.695474126,16.65829937,-8.479631196
66,2,홍천,-1.704459064,14.08786407,-16.68863644
0,3,강화,4.880744702,17.74459622,-6.83492116
1,3,거제,8.745219048,20.61643819,-2.308557458
2,3,거창,6.087779688,22.62252685,-7.534667434
3,3,고창,7.52462204,23.66479318,-4.528066207
4,3,고흥,7.712124479,21.27227789,-4.659515724
5,3,광주,7.795690644,22.37403635,-3.51946535
6,3,구미,7.269971783,23.03830832,-4.931792871
7,3,군산,6.080908973,20.13571795,-3.932933088
8,3,금산,5.500010639,22.31698925,-8.157848981
9,3,남원,6.210866843,22.56564869,-7.478545823
10,3,남해,8.540137066,21.11082487,-3.040884028
11,3,대구,8.603846331,23.41500607,-3.100158192
12,3,대전,6.857847197,21.97487997,-5.263291295
13,3,동두천,5.507334054,21.57146773,-7.491346769
14,3,동해,7.140824649,20.71927899,-3.663040745
15,3,목포,7.192439883,20.02834017,-2.161146966
16,3,문경,6.075584845,21.50330889,-6.433912324
17,3,밀양,7.927977133,22.72511997,-5.442635708
18,3,보령,5.724527831,18.86663326,-5.30401887
19,3,보은,5.038800286,21.52160721,-8.347570669
20,3,봉화,3.849338649,20.13364954,-10.01679599
21,3,부산,9.427466422,20.33055335,-1.884737419
22,3,부안,6.126505276,21.1929029,-5.004050381
23,3,부여,5.892030622,21.4145585,-7.031876386
24,3,산청,7.206253106,22.4657821,-5.261991198
25,3,상주,7.163106304,23.03385943,-5.120206672
26,3,서귀포,11.35922775,20.72402015,1.70448661
27,3,서산,5.094651624,19.35782479,-6.882874927
28,3,서울,6.38649814,19.69471605,-4.77666259
29,3,속초,6.474391321,20.06732547,-4.467240849
30,3,수원,5.881605184,20.15491385,-5.617070601
31,3,안동,6.243946206,21.86156435,-6.504524513
32,3,양평,5.50959467,20.73629983,-7.423739
33,3,여수,8.634238316,18.96868871,-1.665546853
34,3,영덕,7.165185894,22.5367072,-4.056551061
35,3,영원,5.107555411,21.26563298,-8.820172419
36,3,영주,5.610194303,20.88393362,-6.865928119
37,3,영천,6.77376497,22.67587345,-6.235941994
38,3,완도,8.128746799,19.97219065,-1.647878748
39,3,울릉,6.105558424,17.2472171,-2.722341038
40,3,울산,8.674547685,22.08623736,-2.643287764
41,3,울진,7.168257283,21.83500564,-3.925637851
42,3,원주,5.733677939,20.8961325,-6.986713789
43,3,의성,5.511854272,22.93525687,-9.445663884
44,3,이천,5.554456657,21.01644661,-7.162983508
45,3,인제,4.231651151,19.85311053,-8.850636427
46,3,인천,5.832340138,17.7443406,-3.747903502
47,3,임실,4.896335805,21.50222327,-8.568778222
48,3,장수,4.465651201,20.45859313,-8.795293405
49,3,장흥,7.076040135,21.45039125,-5.78534876
50,3,전주,7.087962376,22.47674112,-4.856822049
51,3,정읍,6.636887096,22.17874114,-4.887488191
52,3,제주,10.17906466,21.74857927,1.646782847
53,3,제천,4.041920865,20.18583854,-9.883144496
54,3,진도,5.030076126,19.48521448,-5.174137139
55,3,진주,7.532347686,21.95074223,-5.906579548
56,3,창원,9.032744567,21.18985024,-2.214117493
57,3,천안,5.575108916,21.20708498,-6.862326041
58,3,철원,3.90124805,19.23141859,-9.569273043
59,3,청주,6.699200189,21.63787413,-5.213808262
60,3,춘천,5.205913549,20.54227827,-7.683029862
61,3,태백,2.475556964,17.74058575,-11.43981957
62,3,통영,8.998766631,19.32672822,-1.910989106
63,3,포항,8.849272751,23.03201644,-2.46127558
64,3,합천,7.503183949,23.10885881,-6.283355155
65,3,해남,6.954730605,20.60887118,-5.748306998
66,3,홍천,4.571001886,20.84307824,-8.940274111
0,4,강화,11.12572523,24.6146347,-0.558931756
1,4,거제,13.59564152,25.29904276,2.678807603
2,4,거창,12.27062426,28.55040597,-2.545706998
3,4,고창,12.89207346,28.010754,0.193409531
4,4,고흥,13.15552186,25.85588261,-0.175892177
5,4,광주,13.86770334,28.27156516,1.780105277
6,4,구미,13.73769731,29.55055116,-0.044193032
7,4,군산,11.69449611,26.05400866,1.444559656
8,4,금산,11.99133121,28.49000211,-2.919443168
9,4,남원,12.40592629,28.61148117,-2.520803887
10,4,남해,13.97157921,26.61548478,2.323716448
11,4,대구,14.86035266,29.81738111,2.335744921
12,4,대전,13.43357017,28.32467378,0.67672206
13,4,동두천,11.9765049,28.31127247,-0.807022342
14,4,동해,12.60897409,27.73597023,1.567873615
15,4,목포,12.8281098,25.15163961,3.17960223
16,4,문경,12.64347245,28.39016197,-1.05497258
17,4,밀양,13.72344978,28.78726317,-0.56508702
18,4,보령,11.51640556,24.91901471,-0.382090581
19,4,보은,11.61254456,27.91029524,-3.0662587
20,4,봉화,10.26365079,27.64478888,-4.703516313
21,4,부산,14.24454648,24.55815024,4.328988332
22,4,부안,11.95404022,27.07072311,0.028383259
23,4,부여,12.22387004,28.00242294,-1.964889533
24,4,산청,13.19523611,28.74169218,-0.724574463
25,4,상주,13.38061438,29.64112949,0.103926499
26,4,서귀포,15.3561966,24.19369103,6.515430642
27,4,서산,11.34467084,25.79287415,-1.728788885
28,4,서울,13.04737425,26.64328483,2.281527182
29,4,속초,12.3134904,27.61036201,1.532709205
30,4,수원,12.35524276,26.7874943,0.4574933
31,4,안동,12.86239883,28.95521961,-1.234450675
32,4,양평,12.33766573,28.06995456,-1.555592391
33,4,여수,13.79480144,23.46562614,4.435840189
34,4,영덕,12.93101101,29.10153126,-0.021790222
35,4,영원,11.91518143,28.72114368,-2.259303391
36,4,영주,12.18569588,28.1604913,-1.949614489
37,4,영천,13.07297231,29.19976869,-1.770650556
38,4,완도,13.35074246,24.54022064,3.512735693
39,4,울릉,11.55778548,23.32587814,2.136871134
40,4,울산,14.09558904,28.14640029,2.387333085
41,4,울진,12.5750945,28.9172832,0.799202999
42,4,원주,12.61857468,28.06516697,-0.704207738
43,4,의성,12.11861297,29.68670589,-3.890414757
44,4,이천,12.36837325,28.28858983,-1.407103626
45,4,인제,11.00844297,27.4585444,-2.542132832
46,4,인천,11.89181105,24.82809308,2.969158309
47,4,임실,11.1583776,27.60611208,-3.567439683
48,4,장수,10.85102052,26.56935262,-3.516487613
49,4,장흥,12.65129424,26.6354108,-1.685712321
50,4,전주,13.37960426,28.63038033,0.568119112
51,4,정읍,12.84144121,28.31353114,0.294300946
52,4,제주,14.6767777,26.16752112,5.876821271
53,4,제천,10.92678265,27.62935812,-3.75920774
54,4,진도,10.80633446,24.39007346,0.93066389
55,4,진주,13.08648945,27.43644569,-0.863245656
56,4,창원,14.31323149,26.4321108,3.8199054
57,4,천안,12.08290651,27.8621696,-1.760706646
58,4,철원,10.9275855,26.57073352,-3.316213833
59,4,청주,13.4591261,28.49584007,0.846419309
60,4,춘천,12.16540956,28.19341535,-1.750817091
61,4,태백,9.19674516,24.99048334,-3.749939587
62,4,통영,13.70288118,24.10663885,3.805504433
63,4,포항,14.53473575,29.42945699,3.38226907
64,4,합천,13.59573675,29.59138009,-0.925068598
65,4,해남,12.48938061,25.60024377,-1.602538398
66,4,홍천,11.48053419,28.40294846,-2.67559482
0,5,강화,16.21176176,28.54484126,2.979144821
1,5,거제,18.2512867,29.71362011,8.322968711
2,5,거창,17.37330836,31.53337175,3.302108142
3,5,고창,17.89932915,30.58123633,5.747156825
4,5,고흥,17.79977807,30.01788113,5.702530344
5,5,광주,19.00772002,31.25817122,8.002689319
6,5,구미,18.85859379,32.21182434,5.997884589
7,5,군산,17.36698511,29.12209778,7.807391167
8,5,금산,17.42066594,31.03971811,3.656787967
9,5,남원,17.67549495,31.56444188,0.704877618
10,5,남해,18.57286141,30.4565972,8.663819024
11,5,대구,19.89619629,33.01847535,8.689496317
12,5,대전,18.7934331,30.98584854,7.28312721
13,5,동두천,17.48469447,31.24981045,5.479707792
14,5,동해,16.87778518,30.36675655,6.92683037
15,5,목포,17.82486429,28.30354903,9.290634968
16,5,문경,17.57141313,31.02934524,4.530704706
17,5,밀양,18.63486722,32.44845531,5.721159199
18,5,보령,16.85130179,28.64782661,5.913824838
19,5,보은,16.98795202,30.55676641,3.43084277
20,5,봉화,15.65283456,30.2819346,1.376230349
21,5,부산,18.23965752,27.91626247,10.55540803
22,5,부안,17.44569638,30.2427172,6.66759053
23,5,부여,17.86471243,31.03109634,5.152979857
24,5,산청,18.07946869,31.79466932,4.951729168
25,5,상주,18.73944847,31.74998909,6.217509829
26,5,서귀포,19.28563159,27.70815138,11.97810548
27,5,서산,16.9311329,29.53358672,5.552391851
28,5,서울,18.56335465,30.81209234,8.833140199
29,5,속초,16.77590301,30.82445869,6.949448734
30,5,수원,17.91520209,30.49463056,7.365112681
31,5,안동,18.07622932,31.57786594,5.205320167
32,5,양평,17.89597415,31.27016444,5.216599432
33,5,여수,18.25555051,27.66518646,10.91759023
34,5,영덕,17.47410599,31.72136145,5.562388646
35,5,영원,17.16526464,31.46154362,3.834634482
36,5,영주,17.43594866,30.98199084,4.094101109
37,5,영천,18.06529717,32.42704557,4.357807895
38,5,완도,17.74148432,28.45529024,9.119931429
39,5,울릉,16.16421364,26.58201278,7.818505899
40,5,울산,18.61739772,31.26753633,8.412290552
41,5,울진,16.72270876,31.14942284,6.094595685
42,5,원주,18.15752818,30.91473247,5.964283312
43,5,의성,17.38995373,32.25029253,2.484170518
44,5,이천,17.89372069,31.17698344,5.572184183
45,5,인제,16.3296267,30.65836499,3.619155653
46,5,인천,17.09427232,28.53814979,9.199472423
47,5,임실,16.52371522,30.3037072,2.310113168
48,5,장수,16.24688444,29.01056997,2.504046585
49,5,장흥,17.67448118,30.16682823,4.314785685
50,5,전주,18.80772645,31.58899095,6.877377791
51,5,정읍,18.22688676,31.24285651,6.592901764
52,5,제주,18.70811353,29.21054554,11.08890341
53,5,제천,16.47421859,30.41758693,2.891594638
54,5,진도,15.92716965,27.58898804,7.21302441
55,5,진주,18.30344841,31.31544309,2.313596254
56,5,창원,18.83380034,30.48513617,9.786318815
57,5,천안,17.7829249,30.52923813,5.430701254
58,5,철원,16.87598009,29.88997503,3.965942343
59,5,청주,19.01779397,31.35138454,7.674954567
60,5,춘천,17.87521713,31.31308235,5.155177536
61,5,태백,14.64364891,28.60223358,1.581423933
62,5,통영,17.98727891,27.8221501,10.0805801
63,5,포항,19.00791522,32.29524359,9.732787116
64,5,합천,18.44619855,32.71203723,5.389607889
65,5,해남,17.58070356,29.51889341,4.854978408
66,5,홍천,17.09073071,31.55259704,3.750108526
0,6,강화,21.06360942,31.24667132,11.40660362
1,6,거제,21.87113973,31.61137401,13.22910789
2,6,거창,21.70840292,33.59154048,10.08878937
3,6,고창,22.8291701,33.26287779,12.8120455
4,6,고흥,21.81359266,31.69743045,11.6123399
5,6,광주,23.38207662,33.4808751,14.60295762
6,6,구미,23.21853258,34.45412318,12.49759037
7,6,군산,22.18920125,31.55068,14.38750485
8,6,금산,22.20750841,33.46001839,10.03100032
9,6,남원,22.75521041,33.72424272,11.21223754
10,6,남해,22.31079656,32.04498327,14.22323084
11,6,대구,23.90177535,35.40617866,14.0188956
12,6,대전,23.37906933,33.44790682,13.46811958
13,6,동두천,22.37826407,34.00355614,12.06598678
14,6,동해,20.18036931,31.76701379,11.9454902
15,6,목포,22.21021007,30.49818852,15.09589617
16,6,문경,21.88543445,33.20746685,10.33621638
17,6,밀양,23.01493775,34.5104779,12.36860557
18,6,보령,21.67168825,31.11109439,12.29296766
19,6,보은,21.69734622,32.75936456,9.662179249
20,6,봉화,20.13250006,32.79856791,6.752582699
21,6,부산,21.67676255,29.55452414,15.26905755
22,6,부안,22.1629797,32.04436446,12.84393733
23,6,부여,22.71916348,33.57574476,11.84225846
24,6,산청,22.28522206,33.68254897,11.87458977
25,6,상주,23.11947208,34.15805117,12.11741701
26,6,서귀포,22.50804077,29.61081078,15.81806637
27,6,서산,21.76318332,32.05185986,12.55960371
28,6,서울,23.31010698,33.38789366,14.83384601
29,6,속초,20.31506827,32.06761322,12.27831425
30,6,수원,22.81339178,32.90930289,13.61954066
31,6,안동,22.46450615,34.12993864,11.28684662
32,6,양평,22.6476787,33.95038635,11.21341768
33,6,여수,21.81228906,29.37983766,15.62470947
34,6,영덕,21.06525788,34.18740996,10.79332405
35,6,영원,21.87799343,34.47852518,9.781300774
36,6,영주,21.90355864,33.60119645,10.47757449
37,6,영천,22.29617043,34.72212093,10.59414663
38,6,완도,21.76548873,30.66637365,14.09994098
39,6,울릉,19.69331292,28.75491101,12.85691131
40,6,울산,22.21751196,32.98517078,13.43973872
41,6,울진,20.03240207,32.2627827,11.51999846
42,6,원주,22.9791736,33.66963702,12.34345648
43,6,의성,22.22779603,34.85523017,8.815091191
44,6,이천,22.44347917,33.60859351,11.31359041
45,6,인제,20.96221802,33.55043378,8.86120593
46,6,인천,21.82531861,31.03744001,14.58490147
47,6,임실,21.40084449,32.53565383,9.438141719
48,6,장수,20.73902212,31.24043171,8.881687416
49,6,장흥,21.93331259,32.1389179,11.64807092
50,6,전주,23.40501693,33.72210788,13.52529133
51,6,정읍,22.8708321,33.40853552,12.54658132
52,6,제주,22.39626045,31.6276781,15.5009884
53,6,제천,21.37469521,33.3969414,9.224490936
54,6,진도,19.38043948,29.18161153,12.22103386
55,6,진주,22.47350356,33.06363952,11.62845789
56,6,창원,22.46630213,32.2622123,15.12395627
57,6,천안,22.40838765,32.83459547,11.42608804
58,6,철원,21.74656709,32.65023033,11.01117643
59,6,청주,23.61934554,33.67173556,13.9799782
60,6,춘천,22.80729111,34.12465373,12.14934458
61,6,태백,18.5390122,31.27580112,6.737938369
62,6,통영,21.5578148,29.74615472,14.87064672
63,6,포항,22.49873803,34.35329683,14.3230238
64,6,합천,22.88458208,34.80697453,11.66289983
65,6,해남,21.84347376,31.61737911,12.02059128
66,6,홍천,22.12445346,34.46785063,9.851611435
0,7,강화,24.23973708,33.38271163,14.10754985
1,7,거제,25.61713378,34.3530956,18.79546955
2,7,거창,24.89009741,35.42904918,16.25937076
3,7,고창,26.64793801,35.12078169,19.67425519
4,7,고흥,25.55618506,34.49431906,18.20192555
5,7,광주,26.67589628,35.46325963,19.839753
6,7,구미,26.05913785,35.91854414,17.88050981
7,7,군산,25.79139483,34.34972615,19.36961083
8,7,금산,25.55082528,35.11759048,16.85480298
9,7,남원,25.84661849,35.56142763,17.8608408
10,7,남해,25.92299971,35.10828705,19.14276063
11,7,대구,26.839271,37.10379837,19.24578385
12,7,대전,26.37800075,35.01961615,18.95568872
13,7,동두천,24.96899643,34.53390437,17.90110213
14,7,동해,23.97289143,34.61169495,17.1403819
15,7,목포,25.90043086,33.7067948,20.02432543
16,7,문경,24.64716162,34.62984455,16.35702585
17,7,밀양,26.38060564,36.45343062,18.2467376
18,7,보령,25.44498158,33.96062179,18.42309746
19,7,보은,24.78993215,34.25613195,16.31822345
20,7,봉화,23.41941606,33.76866441,13.62992438
21,7,부산,25.20481452,33.02174,19.40333258
22,7,부안,25.95774487,35.15720386,18.91053323
23,7,부여,25.8168302,35.33121101,18.36325981
24,7,산청,25.36160863,35.86585995,17.50906216
25,7,상주,25.56349003,35.46795246,18.1777347
26,7,서귀포,26.56722599,33.51508857,20.57953907
27,7,서산,25.07409051,34.13420833,17.97761871
28,7,서울,26.11039574,34.80407411,19.37261413
29,7,속초,23.9950716,34.63958071,16.88707225
30,7,수원,26.0637951,34.7134348,15.52053031
31,7,안동,25.5040954,35.26685251,17.2447879
32,7,양평,25.61362133,35.36933559,17.77159648
33,7,여수,25.29393959,33.00868886,19.99171119
34,7,영덕,24.63364652,36.05152628,16.48332356
35,7,영원,24.67079319,35.37480315,16.35795635
36,7,영주,24.73401852,34.76828711,15.90156887
37,7,영천,25.60783558,36.60152461,17.15014368
38,7,완도,25.47308914,33.52835154,19.38422338
39,7,울릉,23.35325575,31.85844697,17.3235547
40,7,울산,25.95804612,35.89554048,18.72615598
41,7,울진,23.8132647,35.04943587,16.56753414
42,7,원주,25.81593301,35.21875574,17.56493575
43,7,의성,25.45157112,36.2590373,16.14979625
44,7,이천,25.46972291,35.0971438,17.40097644
45,7,인제,23.98322215,34.60192667,15.52354572
46,7,인천,25.1510489,33.46382661,19.2635964
47,7,임실,24.89675987,34.58370561,16.60033447
48,7,장수,24.04160291,32.98929068,15.3221336
49,7,장흥,25.67646376,34.62346423,18.32693267
50,7,전주,26.87559338,35.88943098,19.31046462
51,7,정읍,26.31036155,35.82282417,18.70071639
52,7,제주,26.96800666,35.74299827,20.65312536
53,7,제천,24.302657,34.27979225,15.5925461
54,7,진도,22.67769801,31.9357254,17.44352891
55,7,진주,26.02692154,35.62073725,18.39519622
56,7,창원,26.08231556,35.18365111,19.88698433
57,7,천안,25.72150142,34.66961831,17.68664453
58,7,철원,24.52458314,33.78736056,16.58230404
59,7,청주,26.61742544,35.43884434,19.03337221
60,7,춘천,25.58266986,35.20019123,17.58891681
61,7,태백,21.93620603,32.13279328,12.5101755
62,7,통영,25.1773805,33.32194802,19.47322714
63,7,포항,26.05240589,36.78582318,19.11796407
64,7,합천,26.10010029,36.6167696,17.90616273
65,7,해남,25.72763535,34.16895287,18.58029366
66,7,홍천,25.13639679,35.79536624,16.41144545
0,8,강화,25.41291032,34.50873947,16.43976731
1,8,거제,26.71071709,34.99317495,19.03310139
2,8,거창,25.0080264,35.61028544,15.37715386
3,8,고창,26.67467352,36.50098152,16.73069736
4,8,고흥,26.56445959,35.10947626,18.08277072
5,8,광주,27.24575898,36.07718222,19.06041407
6,8,구미,26.27282545,36.30533663,16.93426576
7,8,군산,26.55208964,35.19502131,18.89317457
8,8,금산,25.61331596,35.63199548,16.08645297
9,8,남원,26.06821504,36.09021975,17.14662444
10,8,남해,26.87066266,35.62076297,19.29569319
11,8,대구,27.37371,37.18139259,18.64778104
12,8,대전,26.81412384,35.70461042,17.66983661
13,8,동두천,25.52003171,35.52032777,15.68088704
14,8,동해,24.70200243,34.2753081,16.70595147
15,8,목포,27.1069734,34.89586331,19.98423394
16,8,문경,24.71644111,35.31700393,15.45575877
17,8,밀양,26.88205331,37.04772657,17.39667952
18,8,보령,26.49740932,35.20503737,18.07753574
19,8,보은,25.05532069,34.94676366,15.3530563
20,8,봉화,23.57143308,34.5682836,12.81645973
21,8,부산,26.95133125,34.56543764,20.21982777
22,8,부안,26.64679634,35.97086671,18.00299778
23,8,부여,26.37845538,36.2617955,17.31652228
24,8,산청,25.72083357,36.21065609,16.69330834
25,8,상주,25.92817418,36.06899267,16.4156765
26,8,서귀포,28.01339577,34.06760454,21.75604816
27,8,서산,25.91119821,35.17181642,17.40683478
28,8,서울,26.87392078,35.84980399,18.33486987
29,8,속초,24.84192468,34.66032243,16.88614175
30,8,수원,26.76679909,35.85128068,14.55187267
31,8,안동,25.81426818,36.09410816,16.16536956
32,8,양평,25.87615087,36.07683272,16.55116196
33,8,여수,26.82021337,33.67807503,20.60311767
34,8,영덕,25.32229234,35.70434565,16.67501617
35,8,영원,24.97788133,36.06870312,15.34768589
36,8,영주,24.96106277,35.71113145,14.85731568
37,8,영천,26.07289231,36.61875314,16.41373765
38,8,완도,26.54616835,34.34538838,19.96327435
39,8,울릉,24.63309202,32.70802392,18.05212793
40,8,울산,26.78473175,36.04116979,18.8617193
41,8,울진,24.63233825,34.72557209,16.81565863
42,8,원주,26.07562508,36.0565101,16.50874197
43,8,의성,25.79667833,36.80470694,15.23565958
44,8,이천,25.76743799,35.98452003,16.37167472
45,8,인제,24.19148279,35.42893873,14.46363903
46,8,인천,26.35753546,34.5384442,18.40523952
47,8,임실,25.11096274,35.11637857,13.43112067
48,8,장수,24.11648673,33.7642752,14.43100664
49,8,장흥,26.2673133,35.19150207,17.60247783
50,8,전주,27.13346218,36.46783136,18.40817474
51,8,정읍,26.8463544,36.37611327,18.07477603
52,8,제주,27.91827754,35.2733917,21.425972
53,8,제천,24.58380637,35.28357268,14.59587678
54,8,진도,23.0746198,33.03837776,17.05322815
55,8,진주,26.68850571,36.21805466,17.76390741
56,8,창원,27.38084907,35.9865187,20.26114932
57,8,천안,25.95310631,35.72734023,16.75198855
58,8,철원,24.81865249,34.4790665,14.80189145
59,8,청주,26.96805439,36.14136067,18.20676413
60,8,춘천,25.71213372,35.90760666,16.24072454
61,8,태백,21.93001426,32.58449954,12.08063772
62,8,통영,26.83644757,34.81050739,20.04143443
63,8,포항,26.80923597,36.53976847,19.42913226
64,8,합천,26.3562069,37.03453472,16.9839542
65,8,해남,26.65288844,35.04149111,17.82242118
66,8,홍천,25.32301477,36.53406749,15.20526794
0,9,강화,20.77770207,30.77915723,9.784118001
1,9,거제,22.54346323,31.76882742,13.64851311
2,9,거창,19.98436003,31.93646484,7.470065632
3,9,고창,21.8987181,31.69390122,12.13614348
4,9,고흥,22.25146561,32.1388362,11.10696903
5,9,광주,22.80736222,32.83844909,12.99132929
6,9,구미,21.10322562,32.39115473,9.80230124
7,9,군산,22.11890307,31.84717663,12.92594498
8,9,금산,20.32127808,32.25646895,7.840234791
9,9,남원,21.29223547,32.70579678,8.530731849
10,9,남해,22.45129912,32.20735999,13.96531874
11,9,대구,22.5641517,33.4651172,12.52470182
12,9,대전,21.81564494,32.07709822,11.11771889
13,9,동두천,20.54997689,31.43869592,9.198159464
14,9,동해,20.42210852,31.00033279,11.58633416
15,9,목포,22.94566674,31.82758479,14.67654088
16,9,문경,19.84110643,31.31549166,7.995371797
17,9,밀양,22.14039736,33.3995604,10.40533477
18,9,보령,21.82880608,31.59208779,11.79514666
19,9,보은,19.63908699,31.30697498,7.387493637
20,9,봉화,18.20003768,30.82489523,5.295145752
21,9,부산,23.21181052,31.52146094,16.35218577
22,9,부안,21.58488878,32.53838783,10.84232105
23,9,부여,21.33069872,32.71656329,9.630684634
24,9,산청,20.94065615,32.69430403,9.617665265
25,9,상주,20.64904221,31.86299597,9.511167398
26,9,서귀포,24.7905502,31.78272735,17.90472689
27,9,서산,21.24328976,31.6788039,10.45128157
28,9,서울,22.24819672,31.83220247,12.49023416
29,9,속초,20.64629073,30.69782892,12.32709338
30,9,수원,21.97276645,31.91764614,11.35973087
31,9,안동,20.61166027,32.0162287,9.571841023
32,9,양평,20.56408587,32.18806318,9.304409129
33,9,여수,23.23693465,30.72941886,16.60144199
34,9,영덕,20.49784361,32.14906257,11.10513073
35,9,영원,19.75003914,31.76411277,8.809950552
36,9,영주,19.82474368,31.71495704,7.618029504
37,9,영천,20.91866151,32.7741269,8.883633134
38,9,완도,22.90309207,31.40904955,14.90147108
39,9,울릉,20.6400666,29.05698607,14.59232123
40,9,울산,22.31007798,32.52755323,13.48693828
41,9,울진,20.51132071,30.8815102,11.56642639
42,9,원주,20.68811525,31.92823865,9.474421955
43,9,의성,20.37137609,32.90487737,7.365366007
44,9,이천,20.46378536,31.91729512,8.691961708
45,9,인제,18.92756699,31.04902506,8.368370266
46,9,인천,22.14021141,30.98491621,13.07186025
47,9,임실,20.05838201,31.70514977,7.172157372
48,9,장수,18.8890864,30.39530299,6.062420014
49,9,장흥,21.84280284,32.23669253,10.12233864
50,9,전주,22.48471005,33.12117136,11.48457156
51,9,정읍,22.02081425,32.95573839,11.06571405
52,9,제주,24.02356785,32.0375847,17.30935217
53,9,제천,18.94106255,31.43016347,6.562324415
54,9,진도,20.24043342,30.0813454,12.8303522
55,9,진주,21.98231706,32.77137627,10.32191852
56,9,창원,23.31960196,32.50957727,15.1544629
57,9,천안,20.79960008,31.86041236,9.038039361
58,9,철원,19.38352004,30.72785442,6.676433391
59,9,청주,21.90868165,32.41600274,11.16601841
60,9,춘천,20.20612664,31.65272885,9.415944491
61,9,태백,16.60275613,28.76404348,5.250398766
62,9,통영,23.0045618,31.69912047,15.40857131
63,9,포항,22.58081644,32.58015723,14.62932316
64,9,합천,21.46540165,33.334922,6.660437951
65,9,해남,22.09489781,31.98339054,10.16002748
66,9,홍천,19.71684472,32.34119244,8.520379901
0,10,강화,14.07761524,26.02985814,0.948436388
1,10,거제,17.21923987,27.48663391,6.382245598
2,10,거창,13.21247523,27.6055981,-0.910747549
3,10,고창,15.7608708,27.48769313,4.594812147
4,10,고흥,16.24255337,27.98090389,3.122118634
5,10,광주,16.56927545,28.62285482,4.928473137
6,10,구미,14.50204767,27.43301771,1.362848703
7,10,군산,15.82736449,26.76189008,4.445706491
8,10,금산,13.17415689,27.3426235,-0.778757935
9,10,남원,14.13239825,28.27804204,-0.068469319
10,10,남해,17.13160269,27.82452169,6.228532325
11,10,대구,16.60791094,28.36372325,4.587709141
12,10,대전,15.07557677,27.15236219,2.080151589
13,10,동두천,13.60615832,27.47378401,-0.317020693
14,10,동해,15.54233905,26.06699677,4.834289591
15,10,목포,17.20870826,27.80657296,7.026214869
16,10,문경,13.43466544,26.45176888,0.023973491
17,10,밀양,15.64708367,28.8105516,1.77712031
18,10,보령,15.51250097,26.96376821,3.308396214
19,10,보은,12.55722157,26.49373044,-1.640420726
20,10,봉화,11.38586863,25.91064127,-3.299306108
21,10,부산,18.43643754,27.87854034,8.436359964
22,10,부안,15.3593825,27.75240453,2.606786168
23,10,부여,14.18506526,27.77026247,0.300860124
24,10,산청,14.53795039,28.00500296,1.442635265
25,10,상주,14.22789257,27.07864863,1.36759203
26,10,서귀포,20.20189706,28.44905344,11.47591568
27,10,서산,14.57276467,26.8567431,1.657674982
28,10,서울,15.53620539,26.93185903,3.330449708
29,10,속초,15.57303128,26.28217516,4.640812428
30,10,수원,14.9533134,27.03777965,1.761935838
31,10,안동,13.90520841,26.82077303,0.171695282
32,10,양평,13.32945896,26.77613196,-0.2866122
33,10,여수,18.10351938,26.71693582,8.773106944
34,10,영덕,15.50397062,27.27411787,3.934566549
35,10,영원,13.01131512,26.87904154,-0.634901616
36,10,영주,13.17518631,26.53210467,-0.734439128
37,10,영천,14.50632082,27.9424177,0.243399396
38,10,완도,17.5376977,27.3285647,7.613914143
39,10,울릉,15.95797923,24.67485434,7.191861176
40,10,울산,17.00725543,28.1663932,5.813850696
41,10,울진,15.50810477,26.51070781,4.201825961
42,10,원주,13.61987894,26.46382901,0.053853735
43,10,의성,13.04006606,27.62803287,-2.015496544
44,10,이천,13.40851254,26.86877902,-0.887957224
45,10,인제,12.09932743,25.98746992,-1.334001838
46,10,인천,15.78779446,26.23451565,4.302835379
47,10,임실,12.93320943,27.31013485,-1.170320919
48,10,장수,11.89004414,26.26304327,-1.871743353
49,10,장흥,15.44478644,28.19681813,2.074088997
50,10,전주,15.83372661,28.36537696,3.182031936
51,10,정읍,15.54065156,28.2429601,3.093553187
52,10,제주,19.13196274,27.60874211,10.83330508
53,10,제천,11.74715497,26.2929447,-2.455089725
54,10,진도,14.99326285,26.11393772,5.861655123
55,10,진주,15.32423355,28.24591953,1.682014619
56,10,창원,17.90077401,28.27782265,7.420735768
57,10,천안,13.81522003,26.87829579,-0.118180459
58,10,철원,12.13130523,26.09789777,-2.612795806
59,10,청주,15.03457285,27.30418724,1.936089746
60,10,춘천,13.13518156,26.16771668,-0.590130666
61,10,태백,10.73113466,24.10281916,-2.077836699
62,10,통영,18.0083987,27.69422966,7.601171654
63,10,포항,17.45359733,28.07916116,6.910966604
64,10,합천,14.89836157,28.63085859,1.548207892
65,10,해남,15.81865664,27.96186581,2.118731586
66,10,홍천,12.3217068,26.54760233,-1.487686364
0,11,강화,6.488709281,19.37145215,-6.615090303
1,11,거제,10.90780719,22.23075203,-0.228393458
2,11,거창,6.628148203,21.95216781,-6.69214136
3,11,고창,8.306283787,20.88041944,-0.980239628
4,11,고흥,9.624920657,22.55836805,-3.259173773
5,11,광주,9.7429189,22.46950802,-1.314464464
6,11,구미,7.447983089,21.46828911,-4.530151581
7,11,군산,8.848880373,20.95514444,-1.835733944
8,11,금산,6.237231825,21.89527143,-6.964088048
9,11,남원,6.962198108,22.14921492,-5.730134872
10,11,남해,10.64237256,22.14409342,-0.58178193
11,11,대구,9.590522946,22.48683944,-2.059347834
12,11,대전,7.925781849,21.29635326,-4.392368689
13,11,동두천,5.966604159,21.00237697,-7.104411401
14,11,동해,9.607095279,21.38671798,-1.714642802
15,11,목포,10.65847481,21.94017425,0.288880187
16,11,문경,6.665955308,20.24386481,-5.78597669
17,11,밀양,8.584743441,22.80897084,-4.64140855
18,11,보령,8.833092769,21.00629747,-2.414768265
19,11,보은,5.731386729,20.85919752,-7.65558066
20,11,봉화,4.363483948,19.80517489,-9.457181316
21,11,부산,12.27156092,23.26388164,1.011147228
22,11,부안,8.744924084,22.11755388,-3.042657368
23,11,부여,7.003107621,21.39625062,-5.072873893
24,11,산청,8.124278168,22.31358426,-4.428034647
25,11,상주,7.322098654,20.98612414,-4.406259151
26,11,서귀포,14.88805677,24.19330112,5.193977469
27,11,서산,7.540103983,20.66842482,-4.13626009
28,11,서울,7.708254659,20.05741172,-4.694773587
29,11,속초,9.134012505,21.10382093,-2.803949786
30,11,수원,7.351335198,20.4368359,-5.099802273
31,11,안동,6.636528056,20.74117744,-6.564885925
32,11,양평,5.831310014,20.31641317,-7.428771313
33,11,여수,11.63410012,21.42891932,1.342901306
34,11,영덕,9.455959467,22.37245964,-2.260999011
35,11,영원,5.429878491,20.27553349,-7.790997614
36,11,영주,6.166737355,19.97319358,-6.915395157
37,11,영천,7.553644933,22.10819748,-5.987646023
38,11,완도,11.07771511,21.65505387,0.92470649
39,11,울릉,10.19168873,20.49400613,0.71383055
40,11,울산,10.64344603,22.91639084,-0.823745488
41,11,울진,9.620541731,21.92796283,-2.189895558
42,11,원주,6.10850767,20.00570039,-6.866957963
43,11,의성,5.648221183,21.71128302,-8.737391057
44,11,이천,5.910001264,20.20287763,-7.273256057
45,11,인제,4.822693834,19.29801111,-8.225762416
46,11,인천,8.15235537,19.54062677,-3.705101886
47,11,임실,6.086794047,21.52000497,-6.977797344
48,11,장수,5.290457417,20.68662924,-7.300577818
49,11,장흥,8.873929809,22.55081818,-3.785486083
50,11,전주,8.957600797,22.41834743,-2.905345019
51,11,정읍,8.786490643,22.38317622,-3.087703928
52,11,제주,13.68661262,23.36791252,5.208671728
53,11,제천,4.513651101,19.57643646,-9.584188619
54,11,진도,8.557790886,21.05401803,-1.141567136
55,11,진주,8.145698672,22.4629068,-4.705201185
56,11,창원,11.18287202,22.20445003,0.24424365
57,11,천안,6.478063508,20.8812843,-6.223124862
58,11,철원,4.41664362,19.10214111,-9.577635814
59,11,청주,7.617791509,20.84681361,-4.653320402
60,11,춘천,5.383208425,19.37286378,-7.609618735
61,11,태백,4.259678354,18.21970936,-8.636985326
62,11,통영,11.68292106,22.2273735,0.683110591
63,11,포항,10.94402953,22.67374946,-0.289511108
64,11,합천,7.872194049,22.72060859,-4.860855638
65,11,해남,9.425193815,22.64120028,-3.41595995
66,11,홍천,4.568354941,20.00174995,-8.930239598
0,12,강화,-0.86162284,12.12912636,-13.29509135
1,12,거제,4.771622119,16.57006236,-5.048302767
2,12,거창,0.475387987,15.40553321,-11.98473922
3,12,고창,2.274182306,15.46872485,-8.887603797
4,12,고흥,3.658517581,16.8035168,-7.667307926
5,12,광주,3.356949918,16.19587618,-6.861222178
6,12,구미,1.049873067,14.28989061,-10.02953877
7,12,군산,2.260775455,14.44016332,-8.104400117
8,12,금산,-0.334810078,14.72053742,-13.37483101
9,12,남원,0.362236502,16.19151118,-12.9956943
10,12,남해,4.479449789,16.25504055,-6.051435631
11,12,대구,2.992250061,15.63565148,-7.741134779
12,12,대전,1.145184911,14.57551179,-10.87160215
13,12,동두천,-1.930367659,12.33977134,-15.0501943
14,12,동해,3.545316781,14.68220721,-7.714989029
15,12,목포,4.407447592,16.29692948,-5.062301046
16,12,문경,0.181485127,13.06203482,-11.74425689
17,12,밀양,2.220807753,16.67627801,-9.50803931
18,12,보령,2.242524584,14.89440537,-8.839488322
19,12,보은,-1.016975633,13.64696379,-14.41683588
20,12,봉화,-2.080829999,12.9183361,-16.66798374
21,12,부산,5.992185849,17.87428986,-5.503328551
22,12,부안,2.220586562,15.62190436,-9.64282041
23,12,부여,0.535675821,14.69765934,-11.60592932
24,12,산청,2.203137511,15.90779637,-9.393139036
25,12,상주,0.48515732,13.00745246,-10.61617279
26,12,서귀포,9.650075468,19.7768031,0.587239322
27,12,서산,0.692468728,13.98544165,-10.37954871
28,12,서울,0.25869855,12.47780183,-11.64942656
29,12,속초,2.643760312,14.03663099,-9.489393094
30,12,수원,0.180685996,13.39845197,-11.671881
31,12,안동,-0.014660747,13.55511105,-13.11640147
32,12,양평,-1.422376026,12.24080545,-14.45218108
33,12,여수,5.326698846,15.83985963,-4.815141844
34,12,영덕,3.064418822,16.10627328,-8.411908365
35,12,영원,-1.732148641,12.13173239,-15.43465692
36,12,영주,-0.549724966,12.7463715,-13.51026875
37,12,영천,1.183197564,15.41276686,-11.23679656
38,12,완도,5.208964283,16.25287999,-3.901381912
39,12,울릉,4.467027368,14.72749419,-4.824882541
40,12,울산,4.494727623,17.43844136,-6.640284786
41,12,울진,3.747697905,16.54758674,-7.957393975
42,12,원주,-1.111766708,12.65581692,-13.94839735
43,12,의성,-1.117743144,14.65947423,-15.16425504
44,12,이천,-1.301072956,12.38582503,-14.43816464
45,12,인제,-2.127231378,11.37344924,-16.01962223
46,12,인천,0.833485577,12.74087629,-10.58931108
47,12,임실,-0.441811674,14.77925696,-13.5938136
48,12,장수,-0.89934954,13.991011,-14.64757751
49,12,장흥,3.000585921,16.82910769,-8.236294411
50,12,전주,2.364798592,15.86742801,-9.147008674
51,12,정읍,2.207671156,15.89455308,-8.986206995
52,12,제주,8.577219695,18.7230982,0.92460058
53,12,제천,-2.643413693,11.96352393,-16.92667503
54,12,진도,1.905535682,14.86191489,-7.198512853
55,12,진주,2.131460462,16.68860594,-9.920858436
56,12,창원,4.782067079,16.65397941,-5.993903792
57,12,천안,-0.15196089,14.14669117,-13.17693358
58,12,철원,-3.30217481,10.78147272,-17.93523654
59,12,청주,0.590078882,13.99492967,-11.33728097
60,12,춘천,-1.991721159,10.93572159,-15.55429292
61,12,태백,-2.32895312,11.27853873,-15.4383517
62,12,통영,5.582185403,17.00217527,-4.868962294
63,12,포항,4.504438739,16.62593141,-6.920415292
64,12,합천,1.418450273,16.54892423,-13.17940583
65,12,해남,3.367059791,16.85756572,-8.181145548
66,12,홍천,-2.645738141,11.57384463,-16.94268106